2.380094388894544721e+00
2.377847354577368399e+00
2.374363206621279865e+00
2.370345974989215954e+00
2.365970363897861084e+00
2.361160425349849490e+00
2.355832579390756187e+00
2.349941837213554763e+00
2.343475320495985059e+00
2.336440524576216760e+00
2.328856997589383582e+00
2.320751306197193387e+00
2.312154078649969691e+00
2.303098227214316118e+00
2.293617821655158373e+00
2.283747326852342496e+00
2.273521054170871913e+00
2.262972748830295089e+00
2.252135272699664625e+00
2.241040360368726780e+00
2.229718435181371028e+00
2.218198476025740273e+00
2.206507927563492011e+00
2.194672647502747154e+00
2.182716885075260294e+00
2.170663285335229897e+00
2.158532914358290533e+00
2.146345300909684894e+00
2.134118490664420165e+00
2.121869109580206469e+00
2.109612433529621356e+00
2.097362461773612630e+00
2.085131992295907288e+00
2.072932697409001435e+00
2.060775198385933482e+00
2.048669138167447112e+00
2.036623251444218408e+00
2.024645431621613589e+00
2.012742794344897668e+00
2.000921737399247835e+00
1.989187996907683331e+00
1.977546699833210742e+00
1.966002412855163861e+00
1.954559187736008674e+00
1.943220603327428631e+00
1.931989804386307963e+00
1.920869537383972592e+00
1.909862183498164612e+00
1.898969788978115414e+00
1.888194093070124868e+00
1.877536553685198673e+00
1.866998370982511535e+00
1.856580509033517679e+00
1.846283715721700691e+00
1.836108541022626328e+00
1.826055353798978320e+00
1.816124357235105791e+00
1.806315603025808514e+00
1.796629004424939113e+00
1.787064348250591905e+00
1.777621305935338292e+00
1.768299443702461726e+00
1.759098231941916612e+00
1.750017053853316185e+00
1.741055213417182390e+00
1.732211942750280675e+00
1.723486408895699373e+00
1.714877720094017732e+00
1.706384931577540343e+00
1.698007050925904871e+00
1.689743043017996049e+00
1.681591834611886327e+00
1.673552318581887910e+00
1.665623357839092211e+00
1.657803788959661073e+00
1.650092425542877939e+00
1.642488061319248072e+00
1.634989473027127715e+00
1.627595423074901682e+00
1.620304662004254492e+00
1.613115930768888706e+00
1.606027962841865886e+00
1.599039486163690071e+00
1.592149224942319696e+00
1.585355901315451010e+00
1.578658236884593169e+00
1.572054954129737059e+00
1.565544777712847724e+00
1.559126435677671063e+00
1.552798660552936028e+00
1.546560190365427356e+00
1.540409769569020870e+00
1.534346149895299272e+00
1.528368091130985817e+00
1.522474361827110823e+00
1.516663739944437150e+00
1.510935013439392183e+00
1.505286980794529050e+00
1.499718451497143334e+00
1.494228246469567534e+00
1.488815198454366939e+00
1.483478152357456725e+00
1.478215965551988420e+00
1.473027508145657638e+00
1.467911663213922413e+00
1.462867327001463380e+00
1.457893409094062953e+00
1.452988832562962074e+00
1.448152534083612553e+00
1.443383464030606245e+00
1.438680586550515006e+00
1.434042879614163768e+00
1.429469335049888823e+00
1.424958958559113587e+00
1.420510769715598975e+00
1.416123801949562999e+00
1.411797102517853286e+00
1.407529732461201499e+00
1.403320766549624565e+00
1.399169293216907084e+00
1.395074414485028447e+00
1.391035245879407967e+00
1.387050916335724082e+00
1.383120568099069692e+00
1.379243356616079330e+00
1.375418450420741179e+00
1.371645031014431249e+00
1.367922292740782364e+00
1.364249442655895095e+00
1.360625700394364035e+00
1.357050298031633684e+00
1.353522479943060963e+00
1.350041502660130455e+00
1.346606634724151874e+00
1.343217156537841017e+00
1.339872360215081049e+00
1.336571549429163008e+00
1.333314039259820394e+00
1.330099156039289188e+00
1.326926237197654457e+00
1.323794631107714004e+00
1.320703696929559579e+00
1.317652804455078819e+00
1.314641333952568214e+00
1.311668676011592094e+00
1.308734231388288372e+00
1.305837410851226066e+00
1.302977635027970482e+00
1.300154334252454635e+00
1.297366948413293031e+00
1.294614926803119292e+00
1.291897727969046006e+00
1.289214819564344694e+00
1.286565678201392782e+00
1.283949789305993905e+00
1.281366646973099321e+00
1.278815753824016577e+00
1.276296620865132292e+00
1.273808767348220794e+00
1.271351720632334814e+00
1.268925016047368182e+00
1.266528196759276526e+00
1.264160813637007275e+00
1.261822425121146729e+00
1.259512597094313069e+00
1.257230902753304180e+00
1.254976922483019175e+00
1.252750243732150048e+00
1.250550460890661242e+00
1.248377175169063769e+00
1.246229994479469916e+00
1.244108533318436516e+00
1.242012412651603892e+00
1.239941259800109163e+00
1.237894708328771243e+00
1.235872397936049083e+00
1.233873974345760516e+00
1.231899089200533481e+00
1.229947399957014076e+00
1.228018569782768132e+00
1.226112267454922744e+00
1.224228167260475342e+00
1.222365948898287646e+00
1.220525297382748287e+00
1.218705902949063224e+00
1.216907460960182874e+00
1.215129671815335044e+00
1.213372240860135509e+00
1.211634878298279983e+00
1.209917299104779076e+00
1.208219222940719817e+00
1.206540374069539734e+00
1.204880481274786863e+00
1.203239277779349026e+00
1.201616501166125950e+00
1.200011893300133803e+00
1.198425200252002387e+00
1.196856172222872328e+00
1.195304563470641179e+00
1.193770132237558013e+00
1.192252640679135389e+00
1.190751854794365405e+00
1.189267544357202944e+00
1.187799482849328125e+00
1.186347447394123122e+00
1.184911218691880208e+00
1.183490580956202187e+00
1.182085321851577886e+00
1.180695232432112052e+00
1.179320107081401003e+00
1.177959743453513175e+00
1.176613942415072778e+00
1.175282507988420155e+00
1.173965247295834180e+00
1.172661970504786044e+00
1.171372490774225561e+00
1.170096624201863778e+00
1.168834189772436583e+00
1.167585009306948862e+00
1.166348907412852576e+00
1.165125711435166966e+00
1.163915251408508045e+00
1.162717360010022016e+00
1.161531872513192010e+00
1.160358626742514110e+00
1.159197463029024711e+00
1.158048224166651874e+00
1.156910755369395138e+00
1.155784904229295584e+00
1.154670520675204370e+00
1.153567456932309110e+00
1.152475567482428742e+00
1.151394709025046037e+00
1.150324740439071292e+00
1.149265522745311907e+00
1.148216919069657171e+00
1.147178794606936947e+00
1.146151016585462701e+00
1.145133454232225123e+00
1.144125978738743665e+00
1.143128463227550240e+00
1.142140782719296421e+00
1.141162814100471490e+00
1.140194436091724217e+00
1.139235529216768184e+00
1.138285975771865299e+00
1.137345659795876207e+00
1.136414467040864462e+00
1.135492284943244279e+00
1.134579002595460961e+00
1.133674510718196027e+00
1.132778701633085028e+00
1.131891469235933645e+00
1.131012708970434710e+00
1.130142317802360852e+00
1.129280194194236087e+00
1.128426238080471045e+00
1.127580350842951606e+00
1.126742435287077626e+00
1.125912395618237971e+00
1.125090137418715663e+00
1.124275567625016237e+00
1.123468594505601104e+00
1.122669127639039921e+00
1.121877077892546870e+00
1.121092357400913286e+00
1.120314879545820652e+00
1.119544558935528844e+00
1.118781311384928978e+00
1.118025053895959520e+00
1.117275704638374556e+00
1.116533182930854240e+00
1.115797409222463843e+00
1.115068305074437216e+00
1.114345793142288432e+00
1.113629797158248502e+00
1.112920241914010955e+00
1.112217053243787834e+00
1.111520158007665238e+00
1.110829484075259055e+00
1.110144960309658702e+00
1.109466516551655069e+00
1.108794083604250691e+00
1.108127593217441254e+00
1.107466978073265995e+00
1.106812171771124564e+00
1.106163108813350116e+00
1.105519724591037534e+00
1.104881955370116353e+00
1.104249738277676363e+00
1.103623011288521027e+00
1.103001713211968715e+00
1.102385783678871967e+00
1.101775163128871471e+00
1.101169792797868086e+00
1.100569614705713128e+00
1.099974571644112054e+00
1.099384607164735961e+00
1.098799665567542716e+00
1.098219691889294580e+00
1.097644631892276346e+00
1.097074432053207094e+00
1.096509039552342690e+00
1.095948402262763466e+00
1.095392468739846636e+00
1.094841188210917693e+00
1.094294510565079648e+00
1.093752386343213923e+00
1.093214766728151321e+00
1.092681603535011314e+00
1.092152849201701414e+00
1.091628456779582867e+00
1.091108379924288885e+00
1.090592572886699640e+00
1.090080990504067815e+00
1.089573588191296460e+00
1.089070321932360752e+00
1.088571148271869404e+00
1.088076024306779077e+00
1.087584907678229573e+00
1.087097756563533801e+00
1.086614529668284312e+00
1.086135186218603055e+00
1.085659685953513254e+00
1.085187989117436302e+00
1.084720056452820325e+00
1.084255849192879984e+00
1.083795329054464407e+00
1.083338458231036139e+00
1.082885199385770214e+00
1.082435515644761370e+00
1.081989370590346500e+00
1.081546728254532352e+00
1.081107553112533814e+00
1.080671810076414552e+00
1.080239464488831569e+00
1.079810482116882575e+00
1.079384829146049718e+00
1.078962472174243903e+00
1.078543378205945036e+00
1.078127514646434193e+00
1.077714849296119271e+00
1.077305350344954782e+00
1.076898986366946920e+00
1.076495726314746326e+00
1.076095539514330346e+00
1.075698395659768547e+00
1.075304264808069732e+00
1.074913117374112437e+00
1.074524924125655367e+00
1.074139656178427105e+00
1.073757284991291527e+00
1.073377782361492505e+00
1.073001120419969201e+00
1.072627271626750201e+00
1.072256208766413810e+00
1.071887904943624292e+00
1.071522333578735831e+00
1.071159468403464432e+00
1.070799283456627782e+00
1.070441753079953262e+00
1.070086851913946147e+00
1.069734554893826628e+00
1.069384837245527464e+00
1.069037674481752909e+00
1.068693042398099813e+00
1.068350917069236905e+00
1.068011274845143355e+00
1.067674092347405734e+00
1.067339346465569383e+00
1.067007014353548389e+00
1.066677073426087974e+00
1.066349501355281282e+00
1.066024276067139454e+00
1.065701375738213885e+00
1.065380778792269556e+00
1.065062463897005873e+00
1.064746409960832807e+00
1.064432596129689657e+00
1.064121001783914888e+00
1.063811606535162158e+00
1.063504390223362073e+00
1.063199332913730366e+00
1.062896414893819808e+00
1.062595616670615417e+00
1.062296918967676307e+00
1.062000302722313494e+00
1.061705749082818562e+00
1.061413239405722964e+00
1.061122755253107064e+00
1.060834278389943375e+00
1.060547790781479316e+00
1.060263274590661720e+00
1.059980712175595308e+00
1.059700086087040027e+00
1.059421379065946134e+00
1.059144574041022580e+00
1.058869654126343374e+00
1.058596602618985916e+00
1.058325402996707965e+00
1.058056038915652808e+00
1.057788494208092400e+00
1.057522752880200700e+00
1.057258799109858760e+00
1.056996617244493564e+00
1.056736191798944846e+00
1.056477507453365439e+00
1.056220549051150925e+00
1.055965301596896166e+00
1.055711750254386239e+00
1.055459880344609580e+00
1.055209677343805996e+00
1.054961126881537758e+00
1.054714214738788902e+00
1.054468926846092502e+00
1.054225249281684373e+00
1.053983168269681858e+00
1.053742670178288154e+00
1.053503741518023729e+00
1.053266368939979936e+00
1.053030539234098617e+00
1.052796239327476568e+00
1.052563456282691323e+00
1.052332177296152693e+00
1.052102389696475404e+00
1.051874080942874157e+00
1.051647238623584446e+00
1.051421850454300699e+00
1.051197904276637729e+00
1.050975388056614390e+00
1.050754289883157666e+00
1.050534597966626293e+00
1.050316300637354594e+00
1.050099386344220065e+00
1.049883843653222737e+00
1.049669661246093844e+00
1.049456827918914481e+00
1.049245332580758694e+00
1.049035164252352992e+00
1.048826312064754518e+00
1.048618765258045427e+00
1.048412513180048800e+00
1.048207545285058107e+00
1.048003851132583986e+00
1.047801420386121896e+00
1.047600242811931315e+00
1.047400308277833814e+00
1.047201606752028225e+00
1.047004128301917802e+00
1.046807863092958923e+00
1.046612801387518443e+00
1.046418933543751484e+00
1.046226250014492098e+00
1.046034741346157926e+00
1.045844398177670831e+00
1.045655211239391758e+00
1.045467171352066238e+00
1.045280269425790554e+00
1.045094496458984779e+00
1.044909843537382921e+00
1.044726301833035054e+00
1.044543862603323214e+00
1.044362517189989514e+00
1.044182257018178239e+00
1.044003073595487274e+00
1.043824958511036627e+00
1.043647903434544277e+00
1.043471900115417350e+00
1.043296940381853277e+00
1.043123016139953618e+00
1.042950119372847873e+00
1.042778242139830613e+00
1.042607376575508837e+00
1.042437514888957750e+00
1.042268649362893207e+00
1.042100772352847926e+00
1.041933876286363247e+00
1.041767953662189550e+00
1.041602997049495771e+00
1.041438999087090478e+00
1.041275952482653144e+00
1.041113850011972097e+00
1.040952684518196891e+00
1.040792448911095791e+00
1.040633136166325690e+00
1.040474739324708242e+00
1.040317251491518880e+00
1.040160665835780707e+00
1.040004975589570835e+00
1.039850174047332487e+00
1.039696254565197986e+00
1.039543210560318176e+00
1.039391035510202066e+00
1.039239722952063349e+00
1.039089266482175589e+00
1.038939659755235390e+00
1.038790896483733128e+00
1.038642970437331892e+00
1.038495875442254412e+00
1.038349605380675778e+00
