2.410581533368657325e+00
2.348807555353156218e+00
2.319958892969323117e+00
2.302695376830093288e+00
2.290065007254575402e+00
2.279346802464497390e+00
2.269524084231220762e+00
2.260165049866993403e+00
2.251046491494022028e+00
2.242030581099878184e+00
2.233023145644990493e+00
2.223957814750175288e+00
2.214788457522088194e+00
2.205484484646740739e+00
2.196027376308461676e+00
2.186407929336531275e+00
2.176624038519333837e+00
2.166678913507559479e+00
2.156579657144659379e+00
2.146336141711084888e+00
2.135960128104379852e+00
2.125464581265717356e+00
2.114863142982568611e+00
2.104169730180821762e+00
2.093398232805495418e+00
2.082562290384450954e+00
2.071675130470572057e+00
2.060749455493199545e+00
2.049797367248485713e+00
2.038830320436032295e+00
2.027859098404248606e+00
2.016893805679850438e+00
2.005943872993855237e+00
1.995018071429973006e+00
1.984124533054325568e+00
1.973270775972636670e+00
1.962463732229563051e+00
1.951709777338531016e+00
1.941014760526054594e+00
1.930384035008647858e+00
1.919822487803699129e+00
1.909334568719375014e+00
1.898924318279512136e+00
1.888595394425025553e+00
1.878351097898496747e+00
1.868194396267353730e+00
1.858127946577622591e+00
1.848154116656256063e+00
1.838275005099014869e+00
1.828492459993322994e+00
1.818808096433952137e+00
1.809223312893905700e+00
1.799739306515336423e+00
1.790357087385351598e+00
1.781077491860806994e+00
1.771901195004066842e+00
1.762828722189056618e+00
1.753860459934151850e+00
1.744996666014981823e+00
1.736237478907109333e+00
1.727582926605188085e+00
1.719032934861971285e+00
1.710587334887533562e+00
1.702245870545992634e+00
1.694008205084448493e+00
1.685873927426019492e+00
1.677842558056693134e+00
1.669913554533274835e+00
1.662086316637751748e+00
1.654360191201491137e+00
1.646734476620877796e+00
1.639208427084444697e+00
1.631781256530089319e+00
1.624452142349523065e+00
1.617220228856001141e+00
1.610084630530111305e+00
1.603044435057468853e+00
1.596098706171101833e+00
1.589246486310549766e+00
1.582486799108821174e+00
1.575818651717558305e+00
1.569241036980271842e+00
1.562752935462622617e+00
1.556353317348355692e+00
1.550041144208824662e+00
1.543815370653633057e+00
1.537674945869381027e+00
1.531618815053146676e+00
1.525645920746887096e+00
1.519755204078576227e+00
1.513945605915598458e+00
1.508216067935538973e+00
1.502565533619230287e+00
1.496992949170642184e+00
1.491497264367932507e+00
1.486077433349740629e+00
1.480732415340536567e+00
1.475461175318669493e+00
1.470262684630531558e+00
1.465135921554046261e+00
1.460079871814555563e+00
1.455093529055931256e+00
1.450175895269699256e+00
1.445325981184647723e+00
1.440542806619417915e+00
1.435825400800317952e+00
1.431172802646524911e+00
1.426584061024729566e+00
1.422058234975126068e+00
1.417594393910565298e+00
1.413191617790604315e+00
1.408848997272050596e+00
1.404565633837549621e+00
1.400340639903614015e+00
1.396173138909528877e+00
1.392062265388346987e+00
1.388007165021209577e+00
1.384006994676158175e+00
1.380060922432485127e+00
1.376168127591640422e+00
1.372327800675666953e+00
1.368539143414058579e+00
1.364801368719900987e+00
1.361113700656052750e+00
1.357475374392199896e+00
1.353885636153412397e+00
1.350343743160914212e+00
1.346848963565693502e+00
1.343400576375530786e+00
1.339997871375993244e+00
1.336640149045949855e+00
1.333326720468064330e+00
1.330056907234741459e+00
1.326830041349944977e+00
1.323645465127325727e+00
1.320502531084993603e+00
1.317400601837325214e+00
1.314339049984125207e+00
1.311317257997456576e+00
1.308334618106436364e+00
1.305390532180255025e+00
1.302484411609701187e+00
1.299615677187396567e+00
1.296783758987006374e+00
1.293988096241576624e+00
1.291228137221252403e+00
1.288503339110506962e+00
1.285813167885085706e+00
1.283157098188784540e+00
1.280534613210254413e+00
1.277945204559909120e+00
1.275388372147111316e+00
1.272863624057717580e+00
1.270370476432101547e+00
1.267908453343758790e+00
1.265477086678560292e+00
1.263075916014770872e+00
1.260704488503870291e+00
1.258362358752274535e+00
1.256049088704019878e+00
1.253764247524432829e+00
1.251507411484886534e+00
1.249278163848655865e+00
1.247076094757930020e+00
1.244900801122006850e+00
1.242751886506720194e+00
1.240628961025117549e+00
1.238531641229414948e+00
1.236459550004259000e+00
1.234412316461310555e+00
1.232389575835167284e+00
1.230390969380643629e+00
1.228416144271409882e+00
1.226464753500012161e+00
1.224536455779270616e+00
1.222630915445067190e+00
1.220747802360518941e+00
1.218886791821551352e+00
1.217047564463841436e+00
1.215229806171179483e+00
1.213433207985191720e+00
1.211657466016451856e+00
1.209902281356967757e+00
1.208167359994041901e+00
1.206452412725474099e+00
1.204757155076133790e+00
1.203081307215866813e+00
1.201424593878725355e+00
1.199786744283527051e+00
1.198167492055723704e+00
1.196566575150547429e+00
1.194983735777459088e+00
1.193418720325856386e+00
1.191871279292031405e+00
1.190341167207378703e+00
1.188828142567823543e+00
1.187331967764457374e+00
1.185852409015377695e+00
1.184389236298700077e+00
1.182942223286740147e+00
1.181511147281340435e+00
1.180095789150337193e+00
1.178695933265133444e+00
1.177311367439383138e+00
1.175941882868758448e+00
1.174587274071784648e+00
1.173247338831724162e+00
1.171921878139509321e+00
1.170610696137683204e+00
1.169313600065355896e+00
1.168030400204144836e+00
1.166760909825086623e+00
1.165504945136513149e+00
1.164262325232866546e+00
1.163032872044440280e+00
1.161816410288028178e+00
1.160612767418480074e+00
1.159421773581127191e+00
1.158243261565077953e+00
1.157077066757366657e+00
1.155923027097933709e+00
1.154780983035434749e+00
1.153650777483847811e+00
1.152532255779887382e+00
1.151425265641181195e+00
1.150329657125225724e+00
1.149245282589089312e+00
1.148171996649852700e+00
1.147109656145775425e+00
1.146058120098174538e+00
1.145017249674003423e+00
1.143986908149115633e+00
1.142966960872201065e+00
1.141957275229391389e+00
1.140957720609503845e+00
1.139968168369930535e+00
1.138988491803151648e+00
1.138018566103861318e+00
1.137058268336697209e+00
1.136107477404561417e+00
1.135166074017524229e+00
1.134233940662290108e+00
1.133310961572233877e+00
1.132397022697975153e+00
1.131492011678498555e+00
1.130595817812793946e+00
1.129708332032023810e+00
1.128829446872191999e+00
1.127959056447316755e+00
1.127097056423084664e+00
1.126243343990997570e+00
1.125397817842975545e+00
1.124560378146432837e+00
1.123730926519804996e+00
1.122909366008515653e+00
1.122095601061383174e+00
1.121289537507457856e+00
1.120491082533272564e+00
1.119700144660509711e+00
1.118916633724071463e+00
1.118140460850543416e+00
1.117371538437051726e+00
1.116609780130495055e+00
1.115855100807157330e+00
1.115107416552680863e+00
1.114366644642406534e+00
1.113632703522058565e+00
1.112905512788782136e+00
1.112184993172519398e+00
1.111471066517712769e+00
1.110763655765345304e+00
1.110062684935293031e+00
1.109368079108995042e+00
1.108679764412432656e+00
1.107997667999409019e+00
1.107321718035128244e+00
1.106651843680063196e+00
1.105987975074110619e+00
1.105330043321025579e+00
1.104677980473131260e+00
1.104031719516297860e+00
1.103391194355188842e+00
1.102756339798757645e+00
1.102127091546015514e+00
1.101503386172030918e+00
1.100885161114186328e+00
1.100272354658671015e+00
1.099664905927209890e+00
1.099062754864023717e+00
1.098465842223018019e+00
1.097874109555192490e+00
1.097287499196269778e+00
1.096705954254539206e+00
1.096129418598912997e+00
1.095557836847182331e+00
1.094991154354484131e+00
1.094429317201961238e+00
1.093872272185619554e+00
1.093319966805377241e+00
1.092772349254299113e+00
1.092229368408019097e+00
1.091690973814341881e+00
1.091157115683019097e+00
1.090627744875706462e+00
1.090102812896085016e+00
1.089582271880155329e+00
1.089066074586692690e+00
1.088554174387867279e+00
1.088046525260017994e+00
1.087543081774589693e+00
1.087043799089215668e+00
1.086548632938955983e+00
1.086057539627676150e+00
1.085570476019579900e+00
1.085087399530875185e+00
1.084608268121583841e+00
1.084133040287487582e+00
1.083661675052207451e+00
1.083194131959414497e+00
1.082730371065172115e+00
1.082270352930403190e+00
1.081814038613482909e+00
1.081361389662953032e+00
1.080912368110359179e+00
1.080466936463202465e+00
1.080025057698008606e+00
1.079586695253512474e+00
1.079151813023951467e+00
1.078720375352470562e+00
1.078292347024634168e+00
1.077867693262045456e+00
1.077446379716066716e+00
1.077028372461643846e+00
1.076613637991232331e+00
1.076202143208816242e+00
1.075793855424031831e+00
1.075388742346378601e+00
1.074986772079529196e+00
1.074587913115725879e+00
1.074192134330271831e+00
1.073799404976108596e+00
1.073409694678478798e+00
1.073022973429677229e+00
1.072639211583882535e+00
1.072258379852076171e+00
1.071880449297033078e+00
1.071505391328404055e+00
1.071133177697865202e+00
1.070763780494349504e+00
1.070397172139353703e+00
1.070033325382317990e+00
1.069672213296076313e+00
1.069313809272383509e+00
1.068958087017507497e+00
1.068605020547893636e+00
1.068254584185894362e+00
1.067906752555568106e+00
1.067561500578541489e+00
1.067218803469936361e+00
1.066878636734361896e+00
1.066540976161965304e+00
1.066205797824546941e+00
1.065873078071733815e+00
1.065542793527211707e+00
1.065214921085017030e+00
1.064889437905882197e+00
1.064566321413644046e+00
1.064245549291696458e+00
1.063927099479508698e+00
1.063610950169187053e+00
1.063297079802097089e+00
1.062985467065530543e+00
1.062676090889427938e+00
1.062368930443146953e+00
1.062063965132282295e+00
1.061761174595531765e+00
1.061460538701612055e+00
1.061162037546216963e+00
1.060865651449027114e+00
1.060571360950756548e+00
1.060279146810252815e+00
1.059988990001632381e+00
1.059700871711463321e+00
1.059414773335988880e+00
1.059130676478391875e+00
1.058848562946100413e+00
1.058568414748131792e+00
1.058290214092478587e+00
1.058013943383531608e+00
1.057739585219539702e+00
1.057467122390109981e+00
1.057196537873741571e+00
1.056927814835397994e+00
1.056660936624113978e+00
1.056395886770636672e+00
1.056132648985103284e+00
1.055871207154750024e+00
1.055611545341655910e+00
1.055353647780519655e+00
1.055097498876467199e+00
1.054843083202893439e+00
1.054590385499331040e+00
1.054339390669355225e+00
1.054090083778514542e+00
1.053842450052293156e+00
1.053596474874101574e+00
1.053352143783298445e+00
1.053109442473236568e+00
1.052868356789340654e+00
1.052628872727209952e+00
1.052390976430749081e+00
1.052154654190326166e+00
1.051919892440954074e+00
1.051686677760501398e+00
1.051454996867925429e+00
1.051224836621531100e+00
1.050996184017256141e+00
1.050769026186977984e+00
1.050543350396843767e+00
1.050319144045628983e+00
1.050096394663111665e+00
1.049875089908475889e+00
1.049655217568731702e+00
1.049436765557163476e+00
1.049219721911792691e+00
1.049004074793868924e+00
1.048789812486376594e+00
1.048576923392564142e+00
1.048365396034494967e+00
1.048155219051616349e+00
1.047946381199347465e+00
1.047738871347690504e+00
1.047532678479855983e+00
1.047327791690910948e+00
1.047124200186442256e+00
1.046921893281242077e+00
1.046720860398006714e+00
1.046521091066056508e+00
1.046322574920072412e+00
1.046125301698848320e+00
1.045929261244061825e+00
1.045734443499060751e+00
1.045540838507667214e+00
1.045348436412994797e+00
1.045157227456286142e+00
1.044967201975762539e+00
1.044778350405489498e+00
1.044590663274258979e+00
1.044404131204485831e+00
1.044218744911118435e+00
1.044034495200563573e+00
1.043851372969626601e+00
1.043669369204466735e+00
1.043488474979561875e+00
1.043308681456692533e+00
1.043129979883935299e+00
1.042952361594671196e+00
1.042775818006606237e+00
1.042600340620807087e+00
1.042425921020745161e+00
1.042252550871358041e+00
1.042080221918119332e+00
1.041908925986123169e+00
1.041738654979178724e+00
1.041569400878918694e+00
1.041401155743917117e+00
1.041233911708820292e+00
1.041067660983487464e+00
1.040902395852144613e+00
1.040738108672546680e+00
1.040574791875153560e+00
1.040412437962313641e+00
1.040251039507460451e+00
1.040090589154316403e+00
1.039931079616111198e+00
1.039772503674806448e+00
1.039614854180331838e+00
1.039458124049829957e+00
1.039302306266913112e+00
1.039147393880925696e+00
1.038993380006220768e+00
1.038840257821440849e+00
1.038688020568811599e+00
1.038536661553442375e+00
1.038386174142636342e+00
1.038236551765209237e+00
1.038087787910816129e+00
1.037939876129287731e+00
1.037792810029974255e+00
1.037646583281096602e+00
1.037501189609107977e+00
1.037356622798061290e+00
1.037212876688985652e+00
1.037069945179269759e+00
1.036927822222053708e+00
1.036786501825628370e+00
1.036645978052841421e+00
1.036506245020510697e+00
1.036367296898846213e+00
1.036229127910877956e+00
